0.000000 0.204541 0.630074 0.128615 0.439816
0.000000 0.628961 0.520360 0.112263 0.465728
0.000000 0.752218 0.507931 0.107870 0.421150
0.000000 0.117219 0.750978 0.258835 0.533334
0.000000 0.395982 0.856198 0.217935 0.286767
0.000000 0.440160 0.577911 0.109787 0.329732
0.000000 0.488551 0.507470 0.104301 0.432522
0.000000 0.583198 0.507567 0.087872 0.472691
0.000000 0.824668 0.734307 0.155182 0.221524
0.000000 0.875225 0.492433 0.103316 0.280916
0.000000 0.293452 0.501291 0.122281 0.417922
0.000000 0.873564 0.661332 0.117975 0.253637
0.000000 0.326990 0.511241 0.119839 0.388097
0.000000 0.361755 0.506855 0.079983 0.354045
