0.000000 0.418578 0.576911 0.188571 0.558240
0.000000 0.656272 0.511420 0.211999 0.657102
0.000000 0.280784 0.524246 0.171609 0.558682
0.000000 0.807343 0.553072 0.361333 0.857149
0.000000 0.059029 0.477497 0.105864 0.498031
0.000000 0.502726 0.275465 0.111971 0.167272
0.000000 0.522706 0.505398 0.113465 0.608638
0.000000 0.576636 0.512784 0.168379 0.627094
0.000000 0.191835 0.514184 0.112201 0.461529
0.000000 0.327495 0.516263 0.138869 0.508285
0.000000 0.104900 0.486007 0.138628 0.503633
0.000000 0.713738 0.506960 0.162620 0.580448
0.000000 0.954588 0.403569 0.065781 0.381410
