0.000000 0.501577 0.527086 0.107913 0.416582
0.000000 0.358541 0.523097 0.110567 0.456297
0.000000 0.594334 0.517622 0.077191 0.379954
0.000000 0.862132 0.518144 0.101072 0.392088
0.000000 0.949541 0.500877 0.079897 0.345710
0.000000 0.171499 0.556373 0.098293 0.494198
0.000000 0.666452 0.526173 0.104994 0.386729
0.000000 0.741528 0.520021 0.094679 0.398627
0.000000 0.135064 0.525607 0.116925 0.475647
0.000000 0.751073 0.499601 0.069022 0.318580
0.000000 0.273381 0.555613 0.087967 0.337576
0.000000 0.213118 0.501810 0.065838 0.279590
0.000000 0.818670 0.501311 0.073494 0.245054
