0.000000 0.371129 0.559795 0.145956 0.435966
0.000000 0.812642 0.477314 0.104243 0.322778
0.000000 0.636946 0.566488 0.131563 0.542392
0.000000 0.524384 0.585776 0.120214 0.490087
0.000000 0.071359 0.548368 0.136553 0.427332
0.000000 0.058135 0.840310 0.114051 0.307517
0.000000 0.410838 0.562894 0.123165 0.455587
0.000000 0.192462 0.486096 0.080556 0.238357
0.000000 0.706009 0.426258 0.047978 0.173922
0.000000 0.128787 0.413810 0.054068 0.180552
0.000000 0.572402 0.566104 0.152928 0.550178
0.000000 0.211458 0.583077 0.085329 0.163369
