0.000000 0.360493 0.423408 0.161090 0.492430
0.000000 0.526279 0.488724 0.184406 0.520595
0.000000 0.721479 0.435132 0.132856 0.456176
0.000000 0.161227 0.663321 0.350898 0.660274
0.000000 0.352503 0.799186 0.239645 0.371526
0.000000 0.497230 0.346134 0.880466 0.748657
0.000000 0.833128 0.653338 0.341970 0.684831
0.000000 0.812750 0.411671 0.109108 0.490813
0.000000 0.270554 0.370720 0.121815 0.429142
0.000000 0.140790 0.275915 0.110042 0.434808
0.000000 0.404957 0.404523 0.109928 0.489498
0.000000 0.361574 0.104678 0.078677 0.144379
