0.000000 0.634567 0.831860 0.215355 0.362444
0.000000 0.713661 0.564852 0.055832 0.232844
0.000000 0.506660 0.683006 0.126750 0.262028
0.000000 0.345761 0.866153 0.204439 0.289265
0.000000 0.195829 0.559177 0.067844 0.262894
0.000000 0.491640 0.890294 0.133306 0.235441
0.000000 0.748928 0.823619 0.178108 0.345718
0.000000 0.790292 0.550900 0.063931 0.232393
0.000000 0.792184 0.900563 0.175944 0.192048
0.000000 0.362115 0.706026 0.113641 0.253490
0.000000 0.916747 0.821155 0.139504 0.362271
0.000000 0.206931 0.819958 0.117103 0.171543
0.000000 0.368129 0.507911 0.085282 0.306258
0.000000 0.263723 0.936692 0.170603 0.139862
