0.000000 0.450888 0.484299 0.141978 0.456454
0.000000 0.335994 0.551257 0.127095 0.470634
0.000000 0.373499 0.114187 0.063324 0.188787
0.000000 0.657116 0.511302 0.126064 0.451474
0.000000 0.701496 0.179465 0.076309 0.337763
0.000000 0.936386 0.510692 0.108086 0.426426
0.000000 0.829822 0.422614 0.094551 0.265794
0.000000 0.470270 0.133807 0.089814 0.221478
0.000000 0.455100 0.119617 0.061890 0.192953
0.000000 0.047808 0.838292 0.093852 0.307208
0.000000 0.801877 0.641373 0.153613 0.429106
0.000000 0.572447 0.832214 0.178714 0.333527
0.000000 0.957352 0.718836 0.071115 0.239845
0.000000 0.625813 0.368358 0.110475 0.163396
