0.000000 0.441515 0.583591 0.133827 0.541684
0.000000 0.828998 0.548601 0.145718 0.473807
0.000000 0.126711 0.579650 0.260885 0.715978
0.000000 0.671528 0.525909 0.115566 0.469779
0.000000 0.326069 0.555064 0.146637 0.575462
0.000000 0.566226 0.558258 0.103672 0.531724
0.000000 0.501096 0.573973 0.141293 0.530561
0.000000 0.719876 0.508820 0.088000 0.446621
0.000000 0.957628 0.514855 0.058380 0.398387
0.000000 0.883182 0.526384 0.101388 0.452801
0.000000 0.196793 0.565904 0.136926 0.571533
0.000000 0.210795 0.416560 0.080040 0.198349
