0.000000 0.322916 0.421032 0.102868 0.293251
0.000000 0.611019 0.547185 0.139331 0.503795
0.000000 0.088720 0.353702 0.061579 0.163747
0.000000 0.510579 0.446666 0.135474 0.349762
0.000000 0.803188 0.424922 0.078980 0.211247
0.000000 0.962315 0.484658 0.066296 0.365612
0.000000 0.804004 0.496106 0.078346 0.192484
0.000000 0.745131 0.368023 0.058502 0.151036
0.000000 0.451916 0.397075 0.060511 0.256761
0.000000 0.678548 0.359420 0.067159 0.143100
0.000000 0.456625 0.369319 0.063001 0.163959
0.000000 0.949442 0.436213 0.072566 0.257907
