0.000000 0.815440 0.508626 0.444430 0.828737
0.000000 0.182174 0.593874 0.145124 0.628044
0.000000 0.526823 0.479543 0.084883 0.444032
0.000000 0.434618 0.487081 0.097803 0.426462
0.000000 0.282048 0.443054 0.068316 0.318225
0.000000 0.813422 0.418331 0.113534 0.264088
0.000000 0.645300 0.473617 0.078228 0.390301
0.000000 0.128014 0.412895 0.045787 0.248145
0.000000 0.725025 0.428110 0.074230 0.321945
0.000000 0.342225 0.440715 0.059564 0.285268
0.000000 0.717484 0.474404 0.108167 0.449846
0.000000 0.571476 0.468560 0.062443 0.402321
