0.000000 0.475001 0.590801 0.150078 0.464547
0.000000 0.067484 0.414994 0.110943 0.432700
0.000000 0.711175 0.731307 0.174997 0.604353
0.000000 0.871854 0.736499 0.205458 0.500654
0.000000 0.581441 0.717331 0.123810 0.587182
0.000000 0.255556 0.863291 0.444652 0.269435
0.000000 0.171665 0.394174 0.131639 0.449728
0.000000 0.300199 0.434102 0.115397 0.420779
0.000000 0.270293 0.581383 0.142016 0.212315
0.000000 0.951195 0.506773 0.084009 0.143283
0.000000 0.416365 0.413325 0.084764 0.255953
0.000000 0.511337 0.276520 0.090065 0.167907
