0.000000 0.210715 0.588420 0.348130 0.817040
0.000000 0.107410 0.591377 0.201627 0.842737
0.000000 0.431237 0.409584 0.131424 0.599680
0.000000 0.654795 0.399613 0.165810 0.632407
0.000000 0.490628 0.410477 0.164468 0.616785
0.000000 0.058186 0.265919 0.098722 0.285898
0.000000 0.362469 0.253469 0.070578 0.149570
0.000000 0.585863 0.406869 0.177801 0.619462
0.000000 0.170130 0.264296 0.086916 0.290702
0.000000 0.167573 0.208415 0.099836 0.138404
0.000000 0.067561 0.209667 0.109309 0.168533
0.000000 0.949124 0.144734 0.088452 0.110069
