0.000000 0.664493 0.662643 0.204872 0.556393
0.000000 0.960545 0.244027 0.080795 0.346909
0.000000 0.359165 0.677632 0.196752 0.479185
0.000000 0.511609 0.161787 0.099925 0.307001
0.000000 0.354713 0.202191 0.099097 0.255610
0.000000 0.215673 0.835253 0.245623 0.326159
0.000000 0.346494 0.103948 0.071167 0.219544
0.000000 0.604253 0.101319 0.075895 0.226630
0.000000 0.557828 0.879964 0.227364 0.235468
0.000000 0.053956 0.665124 0.110363 0.584596
0.000000 0.430953 0.424025 0.116794 0.251147
0.000000 0.277251 0.114753 0.074301 0.189354
0.000000 0.555887 0.432252 0.089537 0.263030
0.000000 0.333964 0.933434 0.181262 0.132785
