0.000000 0.484258 0.524263 0.204328 0.444029
0.000000 0.786644 0.507576 0.200063 0.505308
0.000000 0.278630 0.546752 0.181359 0.413020
0.000000 0.639815 0.527961 0.174933 0.433688
0.000000 0.069720 0.788214 0.147064 0.415441
0.000000 0.134601 0.430834 0.205515 0.339141
0.000000 0.446947 0.346106 0.061629 0.075624
0.000000 0.892757 0.186760 0.126978 0.225082
0.000000 0.886164 0.275297 0.132456 0.413486
0.000000 0.881118 0.423759 0.150054 0.556264
0.000000 0.182044 0.495676 0.239877 0.392173
0.000000 0.886111 0.366354 0.121099 0.246611
