0.000000 0.556522 0.512581 0.146953 0.424861
0.000000 0.530234 0.838567 0.293193 0.347658
0.000000 0.177505 0.709545 0.342893 0.602209
0.000000 0.435076 0.603879 0.123995 0.445288
0.000000 0.797351 0.479103 0.131547 0.298378
0.000000 0.262507 0.513952 0.112011 0.415362
0.000000 0.681765 0.564167 0.123289 0.477982
0.000000 0.779732 0.811262 0.415380 0.365230
0.000000 0.184670 0.489938 0.066102 0.246857
0.000000 0.407069 0.427727 0.086842 0.191609
0.000000 0.470689 0.414242 0.068190 0.185403
0.000000 0.497011 0.504517 0.863069 0.544075
0.000000 0.260113 0.494109 0.085572 0.277307
