0.000000 0.568055 0.626527 0.232160 0.731362
0.000000 0.098748 0.636705 0.224057 0.758013
0.000000 0.374391 0.653568 0.265563 0.705268
0.000000 0.786532 0.343038 0.070321 0.160179
0.000000 0.718215 0.340431 0.061923 0.168896
0.000000 0.654258 0.332271 0.091066 0.187393
0.000000 0.213971 0.484166 0.162717 0.530281
0.000000 0.272354 0.434393 0.178661 0.474603
0.000000 0.886905 0.339711 0.067878 0.146072
0.000000 0.033783 0.286383 0.065115 0.152876
0.000000 0.967761 0.414286 0.052849 0.317625
0.000000 0.954312 0.361956 0.058602 0.196732
0.000000 0.123374 0.329951 0.096507 0.163816
0.000000 0.335858 0.341096 0.155020 0.244379
