0.000000 0.560840 0.645623 0.072269 0.294398
0.000000 0.108143 0.661317 0.211775 0.567351
0.000000 0.401299 0.524660 0.109834 0.435802
0.000000 0.191612 0.446990 0.074178 0.236680
0.000000 0.490243 0.504143 0.895422 0.549093
0.000000 0.716203 0.557245 0.138414 0.386632
0.000000 0.294885 0.500173 0.111573 0.412304
0.000000 0.480956 0.635609 0.085492 0.300431
0.000000 0.658816 0.527063 0.098917 0.442105
0.000000 0.346837 0.517468 0.133777 0.395610
0.000000 0.942804 0.586496 0.090455 0.624363
0.000000 0.646040 0.505621 0.078781 0.324095
