0.000000 0.863855 0.631427 0.075717 0.336537
0.000000 0.789458 0.630465 0.064985 0.307393
0.000000 0.437878 0.522251 0.079813 0.260214
0.000000 0.744452 0.623560 0.083625 0.276271
0.000000 0.575084 0.596802 0.062010 0.237530
0.000000 0.360549 0.514513 0.052736 0.245429
0.000000 0.656049 0.602712 0.061245 0.275532
0.000000 0.512751 0.557840 0.065820 0.236774
0.000000 0.218719 0.468705 0.044809 0.185608
0.000000 0.956393 0.693008 0.063291 0.209265
0.000000 0.139140 0.461989 0.052179 0.171673
0.000000 0.718110 0.620820 0.070557 0.250832
