0.000000 0.827163 0.561098 0.040757 0.170906
0.000000 0.291466 0.585762 0.053815 0.203585
0.000000 0.520224 0.590525 0.067036 0.268187
0.000000 0.212652 0.585346 0.063795 0.205924
0.000000 0.601757 0.562127 0.063146 0.177902
0.000000 0.363985 0.567562 0.044483 0.178769
0.000000 0.783983 0.557905 0.038166 0.174510
0.000000 0.964404 0.554056 0.045238 0.144768
0.000000 0.745347 0.560436 0.044082 0.180545
0.000000 0.402454 0.567750 0.055284 0.186956
0.000000 0.242840 0.590451 0.047353 0.203005
0.000000 0.446369 0.567328 0.054358 0.189692
0.000000 0.329078 0.568342 0.048816 0.176371
