0.000000 0.933406 0.834610 0.135655 0.334082
0.000000 0.624164 0.838356 0.194016 0.330043
0.000000 0.360218 0.856832 0.215587 0.294392
0.000000 0.796220 0.558525 0.062712 0.204856
0.000000 0.456183 0.537571 0.091821 0.377868
0.000000 0.364005 0.711880 0.100755 0.224511
0.000000 0.723931 0.564263 0.051261 0.194639
0.000000 0.760687 0.819492 0.206119 0.360379
0.000000 0.386736 0.855871 0.159977 0.228427
0.000000 0.805538 0.898902 0.215316 0.202056
0.000000 0.122927 0.932940 0.237358 0.134280
0.000000 0.376026 0.505333 0.081902 0.326772
0.000000 0.512687 0.708955 0.147274 0.280980
0.000000 0.289173 0.914890 0.197477 0.171069
