0.000000 0.747079 0.509962 0.117503 0.427824
0.000000 0.403686 0.850341 0.189059 0.307030
0.000000 0.829922 0.723655 0.170265 0.249380
0.000000 0.218333 0.621402 0.143284 0.399065
0.000000 0.449655 0.564323 0.122311 0.346397
0.000000 0.565740 0.488765 0.070472 0.424773
0.000000 0.311972 0.490848 0.087146 0.362336
0.000000 0.635688 0.523266 0.118578 0.415023
0.000000 0.373355 0.531871 0.080099 0.307751
0.000000 0.127050 0.727362 0.256974 0.546919
0.000000 0.878977 0.671165 0.109359 0.278056
0.000000 0.492025 0.490889 0.082069 0.374043
0.000000 0.140791 0.466121 0.070026 0.127309
0.000000 0.822950 0.901944 0.315766 0.199121
