0.000000 0.167286 0.296367 0.042632 0.165884
0.000000 0.881525 0.380925 0.096235 0.113489
0.000000 0.290620 0.302036 0.035003 0.159514
0.000000 0.778556 0.278694 0.038692 0.127431
0.000000 0.832281 0.294959 0.025274 0.091259
0.000000 0.923384 0.278746 0.023359 0.108313
0.000000 0.638428 0.383238 0.107533 0.416729
0.000000 0.203260 0.434219 0.070380 0.086006
0.000000 0.508951 0.440518 0.204372 0.566988
0.000000 0.332424 0.535426 0.257876 0.559377
0.000000 0.329653 0.205971 0.010679 0.030445
0.000000 0.348784 0.189015 0.008296 0.020131
0.000000 0.374104 0.192541 0.010376 0.020047
