0.000000 0.177240 0.402479 0.118715 0.431589
0.000000 0.877605 0.761855 0.227378 0.472891
0.000000 0.711185 0.718924 0.160895 0.562850
0.000000 0.593807 0.707713 0.140029 0.597837
0.000000 0.478908 0.587091 0.144904 0.483604
0.000000 0.061724 0.406443 0.125135 0.429278
0.000000 0.875543 0.338217 0.131411 0.227245
0.000000 0.240236 0.836958 0.420046 0.328232
0.000000 0.849445 0.585064 0.109371 0.278875
0.000000 0.251069 0.602998 0.170839 0.246609
0.000000 0.711017 0.348223 0.092221 0.175200
0.000000 0.607868 0.333491 0.077904 0.234304
0.000000 0.015347 0.381687 0.033399 0.448407
0.000000 0.504984 0.279844 0.095381 0.154418
