0.000000 0.204462 0.361580 0.096662 0.443203
0.000000 0.116694 0.339835 0.133628 0.466635
0.000000 0.547669 0.555073 0.338306 0.863828
0.000000 0.927499 0.337254 0.144399 0.533763
0.000000 0.740676 0.354277 0.123228 0.515302
0.000000 0.827584 0.359439 0.153563 0.508459
0.000000 0.300380 0.237473 0.112423 0.175504
0.000000 0.407218 0.570018 0.206966 0.782781
0.000000 0.383429 0.192757 0.094323 0.180453
0.000000 0.659772 0.214128 0.060517 0.110001
0.000000 0.298370 0.396261 0.109765 0.280428
0.000000 0.485797 0.234850 0.086820 0.227759
