0.000000 0.162555 0.282331 0.129907 0.349073
0.000000 0.535993 0.493127 0.196722 0.501642
0.000000 0.721071 0.446949 0.134426 0.484531
0.000000 0.378087 0.429434 0.146566 0.496020
0.000000 0.811050 0.404148 0.137776 0.397040
0.000000 0.507968 0.284409 0.108201 0.207420
0.000000 0.279298 0.092558 0.068851 0.149918
0.000000 0.696950 0.136842 0.097472 0.169975
0.000000 0.272471 0.388545 0.124611 0.436543
0.000000 0.928778 0.359708 0.112535 0.277469
0.000000 0.375680 0.112262 0.078928 0.134337
0.000000 0.620429 0.451200 0.114025 0.528007
0.000000 0.341993 0.086469 0.070794 0.154769
0.000000 0.348792 0.812914 0.233128 0.380042
