0.000000 0.660244 0.600014 0.068468 0.270331
0.000000 0.441473 0.511396 0.092722 0.303672
0.000000 0.867066 0.623369 0.076201 0.308306
0.000000 0.504417 0.549210 0.083609 0.271204
0.000000 0.569644 0.604785 0.087000 0.242767
0.000000 0.730060 0.625322 0.090924 0.249536
0.000000 0.796198 0.638962 0.061886 0.291774
0.000000 0.961396 0.697403 0.064476 0.216659
0.000000 0.141050 0.456775 0.044346 0.178692
0.000000 0.199909 0.456828 0.036451 0.183456
0.000000 0.354836 0.512445 0.052763 0.258318
0.000000 0.240122 0.471262 0.047489 0.211335
0.000000 0.169594 0.454355 0.028078 0.176535
0.000000 0.120338 0.444043 0.026351 0.176672
