0.000000 0.489449 0.536641 0.260920 0.531077
0.000000 0.779713 0.391503 0.132450 0.390316
0.000000 0.621237 0.489408 0.167827 0.440114
0.000000 0.085879 0.601186 0.169439 0.818851
0.000000 0.745514 0.147044 0.073514 0.149578
0.000000 0.675595 0.138349 0.085184 0.134925
0.000000 0.886433 0.380382 0.164208 0.358869
0.000000 0.936244 0.448608 0.127469 0.483254
0.000000 0.661807 0.345709 0.164656 0.249540
0.000000 0.965893 0.162828 0.044245 0.087416
0.000000 0.548920 0.261094 0.065160 0.069545
0.000000 0.508157 0.256945 0.041482 0.063155
0.000000 0.528603 0.160686 0.049941 0.114352
0.000000 0.298557 0.124510 0.091810 0.169859
