0.000000 0.148564 0.575334 0.044015 0.156315
0.000000 0.546077 0.357618 0.037394 0.155665
0.000000 0.246659 0.770136 0.050533 0.233806
0.000000 0.687736 0.322395 0.043913 0.242869
0.000000 0.050744 0.548152 0.042830 0.162050
0.000000 0.467016 0.271857 0.041132 0.147921
0.000000 0.283286 0.359366 0.029127 0.141583
0.000000 0.431365 0.534831 0.050801 0.204980
0.000000 0.192595 0.557318 0.046602 0.150603
0.000000 0.450808 0.414098 0.033442 0.176662
0.000000 0.389222 0.564015 0.042115 0.146101
0.000000 0.144854 0.358926 0.040168 0.140481
0.000000 0.759143 0.488175 0.030198 0.149592
0.000000 0.110822 0.359185 0.028894 0.131963
