0.000000 0.509091 0.568686 0.082064 0.266890
0.000000 0.597661 0.567190 0.101709 0.261984
0.000000 0.431114 0.604535 0.082031 0.326556
0.000000 0.723746 0.609213 0.089335 0.335207
0.000000 0.679846 0.570974 0.069183 0.279197
0.000000 0.786119 0.472686 0.023249 0.086804
0.000000 0.806239 0.477712 0.016627 0.072388
0.000000 0.250489 0.524399 0.072949 0.214243
0.000000 0.377383 0.666784 0.060554 0.219522
0.000000 0.759344 0.475313 0.019466 0.074368
0.000000 0.976968 0.596266 0.047986 0.375212
0.000000 0.648303 0.477612 0.020128 0.074649
0.000000 0.883345 0.477304 0.016324 0.083642
