0.000000 0.884571 0.334813 0.075739 0.136288
0.000000 0.963870 0.355480 0.073007 0.190769
0.000000 0.107798 0.600541 0.210889 0.772261
0.000000 0.791100 0.344627 0.051773 0.150845
0.000000 0.397051 0.652094 0.234115 0.710192
0.000000 0.563426 0.611332 0.240664 0.747852
0.000000 0.090125 0.321218 0.059717 0.103389
0.000000 0.854094 0.333802 0.039957 0.087718
0.000000 0.030969 0.285068 0.063764 0.125318
0.000000 0.830189 0.321735 0.038409 0.113995
0.000000 0.302519 0.409046 0.151249 0.400272
0.000000 0.231164 0.464818 0.265670 0.514035
