0.000000 0.355324 0.572064 0.180813 0.472256
0.000000 0.254712 0.520492 0.113169 0.329439
0.000000 0.600055 0.534793 0.131098 0.402167
0.000000 0.478362 0.485522 0.072265 0.292400
0.000000 0.199267 0.456734 0.087477 0.283227
0.000000 0.066412 0.441441 0.084624 0.258542
0.000000 0.677794 0.391822 0.081967 0.123124
0.000000 0.806167 0.406730 0.076586 0.091261
0.000000 0.728425 0.397636 0.066690 0.105602
0.000000 0.143574 0.451781 0.043854 0.234179
0.000000 0.120468 0.402955 0.029756 0.130521
0.000000 0.935228 0.557086 0.124075 0.400470
0.000000 0.309082 0.481752 0.049913 0.278762
0.000000 0.515454 0.440543 0.039121 0.215451
