0.000000 0.760481 0.672900 0.120621 0.662279
0.000000 0.656790 0.652151 0.104925 0.648685
0.000000 0.282506 0.641280 0.176010 0.716763
0.000000 0.515706 0.650288 0.084065 0.663301
0.000000 0.442381 0.638378 0.084714 0.664112
0.000000 0.199202 0.364404 0.005545 0.016461
0.000000 0.587820 0.620159 0.099007 0.818336
0.000000 0.123314 0.362376 0.007142 0.019526
0.000000 0.377396 0.638275 0.071398 0.678078
0.000000 0.968547 0.412471 0.012125 0.033611
0.000000 0.087270 0.359033 0.006625 0.021472
0.000000 0.867411 0.403185 0.012216 0.039993
0.000000 0.148158 0.365167 0.007244 0.021123
0.000000 0.979409 0.412387 0.008601 0.032981
