0.000000 0.484336 0.597668 0.383384 0.747006
0.000000 0.824829 0.286292 0.108600 0.185587
0.000000 0.914953 0.317638 0.086120 0.223157
0.000000 0.239040 0.507124 0.245765 0.555231
0.000000 0.584226 0.293281 0.085756 0.186932
0.000000 0.350010 0.273190 0.102282 0.162942
0.000000 0.720928 0.332593 0.082153 0.227822
0.000000 0.511314 0.282484 0.070321 0.118973
0.000000 0.359165 0.280202 0.066642 0.117947
0.000000 0.976720 0.278836 0.049577 0.126564
0.000000 0.868180 0.659059 0.261765 0.716554
0.000000 0.198392 0.265070 0.059170 0.113696
0.000000 0.527856 0.280180 0.050653 0.117908
0.000000 0.140671 0.350000 0.100136 0.273920
