0.000000 0.341799 0.542527 0.120015 0.438357
0.000000 0.455563 0.481234 0.112910 0.420306
0.000000 0.367128 0.110483 0.064134 0.206035
0.000000 0.948630 0.510032 0.104105 0.395990
0.000000 0.701770 0.190294 0.085903 0.319863
0.000000 0.060156 0.854774 0.122757 0.295447
0.000000 0.795944 0.590129 0.128445 0.320140
0.000000 0.555231 0.835330 0.147551 0.320057
0.000000 0.962137 0.714346 0.075387 0.221810
0.000000 0.464206 0.135058 0.099403 0.203960
0.000000 0.612625 0.461710 0.101239 0.414776
0.000000 0.968618 0.179515 0.064053 0.224143
0.000000 0.655456 0.535613 0.122164 0.374401
0.000000 0.645614 0.162596 0.044338 0.284775
