0.000000 0.725343 0.485651 0.084756 0.424772
0.000000 0.519985 0.468166 0.068878 0.219500
0.000000 0.951349 0.462211 0.099840 0.465042
0.000000 0.441009 0.481907 0.077504 0.225648
0.000000 0.347630 0.563256 0.119390 0.464808
0.000000 0.834340 0.740245 0.332319 0.526465
0.000000 0.606688 0.442738 0.053086 0.189861
0.000000 0.555230 0.434963 0.050340 0.216428
0.000000 0.821808 0.411245 0.097082 0.238363
0.000000 0.228958 0.620066 0.442920 0.794670
0.000000 0.664890 0.375290 0.029470 0.122749
0.000000 0.873567 0.399121 0.034267 0.116350
