0.000000 0.459179 0.561131 0.212010 0.423343
0.000000 0.050098 0.247539 0.103074 0.325202
0.000000 0.189180 0.645384 0.204758 0.326659
0.000000 0.614554 0.362772 0.106375 0.333755
0.000000 0.600988 0.796256 0.186853 0.266207
0.000000 0.831554 0.228430 0.114722 0.316063
0.000000 0.493159 0.246652 0.128948 0.256193
0.000000 0.406231 0.344172 0.107277 0.268164
0.000000 0.485767 0.777855 0.199195 0.232030
0.000000 0.913134 0.342553 0.166669 0.171694
0.000000 0.720997 0.502527 0.157287 0.358244
0.000000 0.751080 0.488892 0.109149 0.332746
0.000000 0.901082 0.163535 0.108643 0.305669
