0.000000 0.199252 0.573473 0.101968 0.492351
0.000000 0.750443 0.451676 0.068095 0.201889
0.000000 0.371556 0.453354 0.086301 0.277778
0.000000 0.595577 0.424201 0.075541 0.207598
0.000000 0.450332 0.670740 0.249667 0.388880
0.000000 0.673512 0.446430 0.059493 0.206375
0.000000 0.465215 0.426589 0.072408 0.214655
0.000000 0.570648 0.531231 0.098439 0.129170
0.000000 0.944791 0.391071 0.033476 0.077867
0.000000 0.612768 0.596087 0.154023 0.298974
0.000000 0.798192 0.410382 0.029828 0.103343
0.000000 0.629762 0.390333 0.036312 0.109573
