0.000000 0.222345 0.846143 0.209066 0.320879
0.000000 0.362827 0.706733 0.198732 0.560723
0.000000 0.964651 0.237162 0.073868 0.351320
0.000000 0.365358 0.218915 0.083044 0.243734
0.000000 0.518610 0.152363 0.088835 0.310889
0.000000 0.544199 0.888022 0.199103 0.221864
0.000000 0.666142 0.664665 0.194554 0.587869
0.000000 0.181582 0.045122 0.065864 0.090717
0.000000 0.087169 0.046472 0.068985 0.095639
0.000000 0.326934 0.929413 0.216425 0.141136
0.000000 0.551689 0.513777 0.120991 0.469053
0.000000 0.194749 0.202127 0.105372 0.123157
0.000000 0.045358 0.774507 0.093194 0.448712
0.000000 0.617170 0.109151 0.060161 0.219644
