0.000000 0.232794 0.594733 0.072334 0.344899
0.000000 0.434901 0.573368 0.108861 0.359478
0.000000 0.603153 0.571825 0.055663 0.346855
0.000000 0.846763 0.533467 0.057599 0.280510
0.000000 0.786901 0.558082 0.064197 0.252401
0.000000 0.919013 0.513957 0.044871 0.184235
0.000000 0.060053 0.584949 0.052666 0.185690
0.000000 0.559423 0.557597 0.045186 0.213819
0.000000 0.360291 0.795161 0.342787 0.410531
0.000000 0.133729 0.563989 0.046647 0.157146
0.000000 0.086862 0.556385 0.039346 0.183093
0.000000 0.706401 0.530617 0.028300 0.137551
0.000000 0.309309 0.543336 0.075688 0.183604
0.000000 0.012086 0.594324 0.025886 0.185483
