0.000000 0.192189 0.602645 0.100523 0.633841
0.000000 0.569620 0.609285 0.096075 0.533724
0.000000 0.285670 0.585327 0.125760 0.684018
0.000000 0.748051 0.517439 0.051076 0.334503
0.000000 0.430746 0.492484 0.069407 0.392004
0.000000 0.484431 0.595437 0.075072 0.513588
0.000000 0.360023 0.666596 0.075391 0.495358
0.000000 0.900768 0.709845 0.199006 0.602023
0.000000 0.790636 0.442771 0.029848 0.169252
0.000000 0.374020 0.404479 0.054277 0.212069
0.000000 0.703636 0.431339 0.031658 0.187825
0.000000 0.040937 0.567704 0.084125 0.598139
0.000000 0.860172 0.451209 0.026634 0.179327
