0.000000 0.638909 0.537504 0.190826 0.500356
0.000000 0.458696 0.537705 0.116592 0.422920
0.000000 0.062391 0.404704 0.074867 0.229320
0.000000 0.862867 0.534097 0.164933 0.308139
0.000000 0.346480 0.508180 0.176092 0.477959
0.000000 0.162077 0.410289 0.076410 0.243500
0.000000 0.800006 0.480526 0.090864 0.344601
0.000000 0.016560 0.376967 0.032739 0.167689
0.000000 0.102163 0.374846 0.040894 0.146724
0.000000 0.429107 0.354223 0.054570 0.133055
0.000000 0.857257 0.376961 0.063591 0.142609
0.000000 0.223369 0.383313 0.048214 0.170959
0.000000 0.676640 0.331662 0.043947 0.085911
