0.000000 0.384861 0.538499 0.168000 0.446720
0.000000 0.063267 0.593785 0.129204 0.496096
0.000000 0.915354 0.536444 0.165520 0.509472
0.000000 0.547535 0.542116 0.173577 0.595187
0.000000 0.779911 0.540922 0.180506 0.567626
0.000000 0.129530 0.540283 0.103376 0.421128
0.000000 0.230430 0.459123 0.073681 0.387320
0.000000 0.299593 0.452782 0.106948 0.374432
0.000000 0.209362 0.207454 0.048140 0.146227
0.000000 0.165563 0.197974 0.048276 0.139021
0.000000 0.072070 0.225595 0.032480 0.107489
0.000000 0.389310 0.217572 0.034962 0.083730
0.000000 0.864177 0.318802 0.056570 0.107939
0.000000 0.465015 0.491842 0.089975 0.451085
