0.000000 0.318977 0.552893 0.155223 0.574413
0.000000 0.822043 0.541868 0.121215 0.497280
0.000000 0.133780 0.590450 0.264814 0.840841
0.000000 0.444173 0.589933 0.139796 0.503669
0.000000 0.540769 0.570441 0.122793 0.465083
0.000000 0.679326 0.541465 0.109714 0.497296
0.000000 0.607228 0.557270 0.109200 0.505990
0.000000 0.963540 0.515407 0.073444 0.381457
0.000000 0.748783 0.494691 0.070024 0.427155
0.000000 0.905003 0.533465 0.102593 0.419690
0.000000 0.218932 0.545392 0.080238 0.484831
0.000000 0.174344 0.377670 0.040383 0.086642
0.000000 0.135832 0.360381 0.032898 0.028780
