0.000000 0.558842 0.512188 0.113619 0.411698
0.000000 0.659739 0.451652 0.077412 0.269125
0.000000 0.792726 0.584049 0.182055 0.504950
0.000000 0.469914 0.497449 0.108396 0.336811
0.000000 0.265497 0.480623 0.119458 0.392168
0.000000 0.336013 0.371633 0.042681 0.125462
0.000000 0.382703 0.352791 0.030679 0.090792
0.000000 0.183866 0.417230 0.068637 0.248374
0.000000 0.239611 0.323441 0.018606 0.053374
0.000000 0.212527 0.321624 0.014422 0.040529
0.000000 0.462792 0.348914 0.034075 0.068205
0.000000 0.499206 0.345509 0.026061 0.074133
0.000000 0.442374 0.326076 0.017373 0.038327
