0.000000 0.345038 0.521010 0.178279 0.433679
0.000000 0.213166 0.372923 0.054474 0.162127
0.000000 0.129613 0.564727 0.255681 0.870510
0.000000 0.482298 0.410269 0.061464 0.175344
0.000000 0.265204 0.374702 0.057857 0.163191
0.000000 0.920088 0.370975 0.096307 0.117044
0.000000 0.588356 0.529663 0.193266 0.505230
0.000000 0.128363 0.350615 0.080094 0.093045
0.000000 0.792020 0.379332 0.069621 0.099801
0.000000 0.714482 0.362856 0.054271 0.052602
0.000000 0.176199 0.360533 0.030010 0.101902
0.000000 0.417110 0.353276 0.066022 0.104289
0.000000 0.303772 0.386867 0.024121 0.118912
