0.000000 0.554888 0.797367 0.144853 0.400491
0.000000 0.268618 0.455748 0.099282 0.363239
0.000000 0.372006 0.870544 0.144547 0.258432
0.000000 0.655377 0.588276 0.064879 0.386297
0.000000 0.571988 0.460819 0.090106 0.283059
0.000000 0.172296 0.769672 0.106311 0.457911
0.000000 0.517837 0.566587 0.065353 0.294600
0.000000 0.848824 0.567832 0.097450 0.190751
0.000000 0.399773 0.720132 0.128307 0.332343
0.000000 0.796273 0.436575 0.082755 0.388440
0.000000 0.217643 0.813126 0.132003 0.380660
0.000000 0.035844 0.389276 0.074157 0.255308
0.000000 0.724146 0.752436 0.120982 0.419424
0.000000 0.719399 0.511287 0.070286 0.233356
