0.000000 0.861835 0.108724 0.038376 0.146927
0.000000 0.318138 0.113341 0.029328 0.138228
0.000000 0.352658 0.116578 0.032551 0.143799
0.000000 0.768415 0.162019 0.035514 0.161824
0.000000 0.383018 0.285367 0.038351 0.150469
0.000000 0.606765 0.113341 0.029741 0.130383
0.000000 0.785797 0.046928 0.041390 0.094014
0.000000 0.438588 0.144819 0.034561 0.202180
0.000000 0.781163 0.114217 0.024419 0.115502
0.000000 0.251151 0.390114 0.046165 0.207860
0.000000 0.753702 0.275197 0.051649 0.190180
0.000000 0.547014 0.110834 0.037090 0.147810
0.000000 0.837306 0.119579 0.028201 0.123728
