0.000000 0.238748 0.585902 0.053430 0.211907
0.000000 0.199415 0.583439 0.052561 0.214956
0.000000 0.292382 0.585958 0.052527 0.206277
0.000000 0.972429 0.556019 0.045442 0.148373
0.000000 0.728193 0.558471 0.049571 0.167517
0.000000 0.822878 0.560688 0.037185 0.164953
0.000000 0.518025 0.589730 0.047688 0.242223
0.000000 0.944380 0.542382 0.030293 0.139763
0.000000 0.413553 0.570003 0.040916 0.163473
0.000000 0.773379 0.554430 0.046717 0.162636
0.000000 0.617737 0.558666 0.045840 0.177729
0.000000 0.459150 0.571788 0.045536 0.161386
0.000000 0.332155 0.563325 0.033335 0.154501
0.000000 0.375281 0.571769 0.033693 0.146160
