0.000000 0.819822 0.637273 0.098104 0.394263
0.000000 0.336921 0.509879 0.052826 0.201964
0.000000 0.581894 0.686801 0.095984 0.438130
0.000000 0.491127 0.670595 0.078834 0.396180
0.000000 0.385916 0.540661 0.048336 0.208200
0.000000 0.877170 0.638835 0.060774 0.383048
0.000000 0.307597 0.491890 0.038352 0.192546
0.000000 0.422366 0.518380 0.041579 0.200331
0.000000 0.663362 0.671001 0.097995 0.540588
0.000000 0.472674 0.478056 0.024605 0.082856
0.000000 0.451286 0.591892 0.052608 0.243917
0.000000 0.655872 0.671324 0.082632 0.376294
0.000000 0.629679 0.512073 0.032855 0.101364
