0.000000 0.565773 0.571082 0.124926 0.435482
0.000000 0.321522 0.485492 0.063501 0.203050
0.000000 0.458937 0.592996 0.087471 0.400018
0.000000 0.140482 0.563884 0.070239 0.381848
0.000000 0.391549 0.480849 0.048872 0.207779
0.000000 0.079946 0.546848 0.077307 0.358473
0.000000 0.219013 0.501986 0.056846 0.217023
0.000000 0.754299 0.425373 0.038929 0.116023
0.000000 0.720440 0.428522 0.024147 0.113486
0.000000 0.245947 0.424983 0.041407 0.135996
0.000000 0.866133 0.501257 0.058626 0.225176
0.000000 0.197740 0.424943 0.032445 0.098603
0.000000 0.804434 0.437462 0.036693 0.115987
0.000000 0.275270 0.425228 0.025467 0.119567
