0.000000 0.606315 0.507084 0.189056 0.595637
0.000000 0.635861 0.281330 0.069148 0.167330
0.000000 0.864566 0.219917 0.014218 0.042697
0.000000 0.808033 0.240533 0.021276 0.075827
0.000000 0.785579 0.238139 0.021756 0.080674
0.000000 0.073982 0.244996 0.014185 0.052361
0.000000 0.376703 0.235143 0.024518 0.085791
0.000000 0.321379 0.260995 0.028879 0.123570
0.000000 0.136406 0.245054 0.021756 0.072444
0.000000 0.092826 0.243417 0.014115 0.059946
0.000000 0.601559 0.214960 0.025085 0.063194
0.000000 0.112043 0.233775 0.009394 0.031203
0.000000 0.023889 0.245246 0.012161 0.057740
0.000000 0.037694 0.251211 0.016945 0.070200
