0.000000 0.318321 0.581740 0.061720 0.204864
0.000000 0.046311 0.595743 0.052969 0.275893
0.000000 0.154449 0.610311 0.066357 0.263786
0.000000 0.582015 0.594842 0.055410 0.220496
0.000000 0.214258 0.603770 0.051745 0.279628
0.000000 0.839121 0.567292 0.048081 0.199149
0.000000 0.742624 0.558060 0.054561 0.231610
0.000000 0.696924 0.537661 0.026545 0.118445
0.000000 0.481339 0.599280 0.053888 0.227538
0.000000 0.793515 0.572120 0.051815 0.191224
0.000000 0.912562 0.542941 0.024447 0.154735
0.000000 0.813365 0.570483 0.055813 0.192576
0.000000 0.417396 0.505788 0.019830 0.046161
0.000000 0.176230 0.504672 0.025743 0.065304
