0.000000 0.515482 0.602618 0.168783 0.594512
0.000000 0.445985 0.549699 0.100149 0.509254
0.000000 0.015380 0.413579 0.031957 0.177325
0.000000 0.383430 0.372324 0.025806 0.097911
0.000000 0.063305 0.392493 0.028424 0.104604
0.000000 0.181997 0.404767 0.029122 0.111759
0.000000 0.133876 0.381234 0.028901 0.113178
0.000000 0.246053 0.378521 0.017257 0.091821
0.000000 0.407772 0.372205 0.021308 0.099186
0.000000 0.039535 0.385378 0.027849 0.099862
0.000000 0.103734 0.377803 0.022075 0.090764
0.000000 0.122351 0.378735 0.026508 0.098742
