0.000000 0.831028 0.382626 0.068016 0.250830
0.000000 0.241226 0.522206 0.151771 0.532797
0.000000 0.460979 0.562070 0.180309 0.638427
0.000000 0.701167 0.407566 0.052101 0.213214
0.000000 0.596476 0.544166 0.158378 0.624969
0.000000 0.383714 0.310305 0.030015 0.099653
0.000000 0.728778 0.307525 0.033652 0.114232
0.000000 0.667341 0.346008 0.042157 0.170472
0.000000 0.983579 0.285303 0.019951 0.061342
0.000000 0.363714 0.304208 0.014695 0.087981
0.000000 0.413308 0.308795 0.022508 0.097242
0.000000 0.536504 0.306750 0.048134 0.116551
0.000000 0.510246 0.305022 0.016406 0.073972
0.000000 0.013190 0.406750 0.026771 0.221186
