0.000000 0.347371 0.452119 0.114077 0.457551
0.000000 0.615405 0.492940 0.110890 0.394196
0.000000 0.913125 0.293974 0.068232 0.207710
0.000000 0.150524 0.317344 0.054170 0.208617
0.000000 0.404807 0.333038 0.045538 0.260872
0.000000 0.117149 0.300389 0.037102 0.156298
0.000000 0.317936 0.256557 0.049676 0.124686
0.000000 0.877822 0.258461 0.038868 0.121436
0.000000 0.503617 0.252625 0.027724 0.086404
0.000000 0.484390 0.433512 0.134498 0.416332
0.000000 0.714018 0.251762 0.026733 0.083995
0.000000 0.461137 0.243048 0.029327 0.074385
