0.000000 0.596017 0.491315 0.192571 0.685969
0.000000 0.373385 0.506905 0.159964 0.624636
0.000000 0.712113 0.324367 0.055555 0.211439
0.000000 0.796044 0.326141 0.046769 0.190477
0.000000 0.214313 0.318548 0.058637 0.222950
0.000000 0.751441 0.323234 0.044331 0.197273
0.000000 0.156962 0.313529 0.046693 0.228705
0.000000 0.451929 0.323030 0.047656 0.223884
0.000000 0.297498 0.331530 0.051152 0.186689
0.000000 0.246805 0.325866 0.029705 0.189246
0.000000 0.478759 0.320848 0.044824 0.219805
0.000000 0.283521 0.331380 0.049146 0.191545
