0.000000 0.358189 0.560006 0.087388 0.308850
0.000000 0.793665 0.546876 0.083498 0.294080
0.000000 0.480785 0.516814 0.064945 0.235714
0.000000 0.661679 0.521308 0.055459 0.236142
0.000000 0.568180 0.475205 0.042802 0.147726
0.000000 0.239072 0.542415 0.056404 0.276417
0.000000 0.145539 0.455523 0.051078 0.088660
0.000000 0.306761 0.522851 0.050215 0.214515
0.000000 0.536246 0.449207 0.013367 0.060458
0.000000 0.612291 0.465045 0.040084 0.135384
0.000000 0.428318 0.478127 0.051472 0.152982
0.000000 0.272171 0.515950 0.036616 0.203238
