0.000000 0.322213 0.533885 0.054196 0.229067
0.000000 0.035482 0.538572 0.065239 0.249246
0.000000 0.573224 0.539523 0.069045 0.222606
0.000000 0.385793 0.535273 0.044060 0.225513
0.000000 0.449652 0.530150 0.066065 0.220061
0.000000 0.768362 0.535787 0.069905 0.248674
0.000000 0.664698 0.522686 0.044677 0.219185
0.000000 0.719667 0.531324 0.050819 0.226506
0.000000 0.502907 0.528658 0.043713 0.210362
0.000000 0.539618 0.532872 0.043110 0.203314
0.000000 0.609474 0.529209 0.039136 0.209313
0.000000 0.697137 0.516262 0.034200 0.223253
0.000000 0.407666 0.533486 0.026029 0.211587
0.000000 0.356793 0.533241 0.030499 0.206000
