0.000000 0.389102 0.650571 0.209239 0.650057
0.000000 0.610624 0.624824 0.167005 0.589914
0.000000 0.866676 0.435149 0.040249 0.133055
0.000000 0.071721 0.426678 0.021386 0.084634
0.000000 0.805486 0.409606 0.016482 0.054054
0.000000 0.476680 0.414675 0.021994 0.083196
0.000000 0.212210 0.425262 0.020014 0.080900
0.000000 0.009091 0.504982 0.019670 0.207431
0.000000 0.255439 0.423052 0.018972 0.065745
0.000000 0.235459 0.414521 0.010817 0.044146
0.000000 0.259060 0.418739 0.013476 0.054962
0.000000 0.239617 0.416025 0.012634 0.049212
0.000000 0.787447 0.410177 0.013742 0.053420
