0.000000 0.749775 0.510788 0.119193 0.424717
0.000000 0.633944 0.526144 0.127285 0.397425
0.000000 0.207364 0.630475 0.119379 0.406039
0.000000 0.117685 0.756215 0.238999 0.533738
0.000000 0.451642 0.559796 0.129298 0.323960
0.000000 0.312125 0.488221 0.085448 0.413728
0.000000 0.561705 0.481240 0.082490 0.378625
0.000000 0.492521 0.475763 0.077854 0.355515
0.000000 0.407279 0.841834 0.182897 0.336398
0.000000 0.819132 0.722110 0.183445 0.243797
0.000000 0.373683 0.516067 0.076811 0.321738
0.000000 0.288217 0.483437 0.121946 0.348173
0.000000 0.875862 0.519177 0.121258 0.316907
0.000000 0.137667 0.457654 0.090739 0.118351
