0.000000 0.581415 0.603924 0.073956 0.248841
0.000000 0.736064 0.627266 0.080445 0.280671
0.000000 0.362502 0.514277 0.061924 0.254452
0.000000 0.660389 0.603544 0.065785 0.300548
0.000000 0.511875 0.553939 0.070789 0.290070
0.000000 0.796641 0.630726 0.063672 0.277564
0.000000 0.864747 0.628083 0.089504 0.352558
0.000000 0.430704 0.521098 0.083973 0.303003
0.000000 0.957899 0.700062 0.073178 0.226688
0.000000 0.240130 0.471538 0.053439 0.213355
0.000000 0.131835 0.452597 0.051856 0.168797
0.000000 0.170124 0.453828 0.041152 0.171766
0.000000 0.202507 0.455057 0.045446 0.186983
0.000000 0.293359 0.490932 0.057992 0.223702
