0.000000 0.795231 0.555461 0.064097 0.198827
0.000000 0.195331 0.570408 0.064818 0.264317
0.000000 0.720839 0.566910 0.061087 0.200567
0.000000 0.915365 0.833357 0.167011 0.347515
0.000000 0.781300 0.894259 0.231716 0.188020
0.000000 0.629901 0.829108 0.164591 0.311086
0.000000 0.367878 0.502203 0.113698 0.316569
0.000000 0.455118 0.517820 0.090549 0.311103
0.000000 0.361472 0.859567 0.215050 0.279745
0.000000 0.508930 0.676917 0.124822 0.235942
0.000000 0.049752 0.489650 0.055664 0.080770
0.000000 0.760214 0.810066 0.161897 0.345427
0.000000 0.369431 0.708995 0.102399 0.218719
