0.000000 0.497714 0.521878 0.252836 0.494707
0.000000 0.296170 0.127661 0.094279 0.177849
0.000000 0.904784 0.411961 0.189934 0.437207
0.000000 0.786451 0.396018 0.137223 0.374508
0.000000 0.940887 0.435258 0.112480 0.468399
0.000000 0.744156 0.142009 0.081768 0.145934
0.000000 0.673607 0.139778 0.079771 0.140956
0.000000 0.096784 0.646565 0.206486 0.712248
0.000000 0.792775 0.218893 0.124212 0.113909
0.000000 0.632337 0.472471 0.163711 0.468916
0.000000 0.528484 0.159637 0.049486 0.101971
0.000000 0.196705 0.132213 0.073086 0.151030
