0.000000 0.678172 0.523854 0.119103 0.390471
0.000000 0.208441 0.440515 0.049159 0.197868
0.000000 0.283167 0.440388 0.063345 0.218814
0.000000 0.337394 0.450874 0.057780 0.191250
0.000000 0.375294 0.450321 0.045552 0.197277
0.000000 0.808353 0.489735 0.125768 0.255163
0.000000 0.595198 0.475117 0.069079 0.238785
0.000000 0.107178 0.466737 0.056371 0.194883
0.000000 0.524323 0.527207 0.115712 0.368506
0.000000 0.403563 0.454510 0.046704 0.213499
0.000000 0.252995 0.438868 0.050896 0.215431
0.000000 0.135684 0.723987 0.273643 0.595679
0.000000 0.913618 0.673525 0.166528 0.611256
0.000000 0.448813 0.468117 0.076137 0.239380
