0.000000 0.547272 0.488952 0.189577 0.433098
0.000000 0.088156 0.621879 0.176977 0.418554
0.000000 0.610562 0.202851 0.087379 0.173667
0.000000 0.053985 0.268548 0.108732 0.329297
0.000000 0.947193 0.413750 0.105860 0.668069
0.000000 0.449013 0.206822 0.075812 0.193916
0.000000 0.217946 0.223661 0.079931 0.197564
0.000000 0.783856 0.201947 0.085484 0.162263
0.000000 0.715355 0.313587 0.091008 0.166421
0.000000 0.105644 0.219450 0.058327 0.169810
0.000000 0.863842 0.182582 0.098057 0.134332
0.000000 0.519529 0.206019 0.089730 0.146784
