0.000000 0.668093 0.659229 0.183196 0.669355
0.000000 0.612005 0.102323 0.062295 0.210037
0.000000 0.964617 0.244667 0.068682 0.356811
0.000000 0.046412 0.662059 0.092552 0.613693
0.000000 0.522324 0.148601 0.092896 0.325848
0.000000 0.324436 0.929550 0.208945 0.151833
0.000000 0.211445 0.840380 0.251431 0.303418
0.000000 0.370319 0.714049 0.205076 0.535267
0.000000 0.549749 0.889385 0.218018 0.230883
0.000000 0.361610 0.207050 0.088801 0.276219
0.000000 0.555141 0.554807 0.137587 0.482384
0.000000 0.178077 0.052716 0.081484 0.102910
