0.000000 0.364692 0.798565 0.333986 0.400750
0.000000 0.783684 0.554354 0.079037 0.256094
0.000000 0.914466 0.517950 0.049108 0.186283
0.000000 0.234537 0.600952 0.087987 0.375681
0.000000 0.557013 0.550253 0.055888 0.248738
0.000000 0.024811 0.567826 0.036121 0.188858
0.000000 0.086909 0.556796 0.045251 0.188564
0.000000 0.602974 0.567590 0.065049 0.311691
0.000000 0.431630 0.575043 0.125019 0.369937
0.000000 0.705054 0.518118 0.051797 0.157300
0.000000 0.060245 0.566732 0.054274 0.186170
0.000000 0.131738 0.546897 0.054987 0.195358
0.000000 0.323250 0.523745 0.081578 0.173152
0.000000 0.850535 0.523525 0.068618 0.244032
