0.000000 0.056062 0.853687 0.113979 0.307040
0.000000 0.644138 0.507223 0.143399 0.433004
0.000000 0.367592 0.111657 0.063664 0.200129
0.000000 0.798249 0.589290 0.128220 0.317274
0.000000 0.949408 0.510024 0.098095 0.400490
0.000000 0.452353 0.475758 0.115052 0.480388
0.000000 0.698932 0.186853 0.084801 0.312122
0.000000 0.338331 0.551693 0.115793 0.397674
0.000000 0.648657 0.177537 0.057536 0.294476
0.000000 0.566747 0.829333 0.143021 0.317352
0.000000 0.456028 0.122950 0.070858 0.213001
0.000000 0.970419 0.206492 0.058045 0.293052
0.000000 0.834146 0.411576 0.090322 0.293468
