0.000000 0.282377 0.590739 0.115501 0.664809
0.000000 0.745394 0.517726 0.053439 0.386315
0.000000 0.179829 0.605129 0.090626 0.623707
0.000000 0.898211 0.714556 0.196148 0.574255
0.000000 0.432113 0.482695 0.074442 0.367261
0.000000 0.561199 0.605724 0.124306 0.524620
0.000000 0.041357 0.556607 0.069544 0.479616
0.000000 0.698839 0.429801 0.031964 0.181094
0.000000 0.361087 0.672020 0.078319 0.620575
0.000000 0.482311 0.598567 0.072967 0.528489
0.000000 0.861497 0.449381 0.034797 0.196157
0.000000 0.824152 0.433845 0.036842 0.182629
