0.000000 0.517676 0.590419 0.064860 0.249268
0.000000 0.826429 0.557215 0.056961 0.169315
0.000000 0.291867 0.585194 0.062086 0.216290
0.000000 0.237971 0.584945 0.049040 0.216026
0.000000 0.968337 0.559063 0.054445 0.143103
0.000000 0.727792 0.558220 0.042643 0.160688
0.000000 0.605099 0.562589 0.058704 0.165312
0.000000 0.409761 0.563040 0.054059 0.182267
0.000000 0.778135 0.553359 0.043785 0.161051
0.000000 0.202538 0.582241 0.057660 0.227003
0.000000 0.332531 0.561979 0.037935 0.166204
0.000000 0.366522 0.561908 0.040417 0.164653
0.000000 0.455992 0.569174 0.047687 0.169668
0.000000 0.563864 0.568455 0.040781 0.175101
