0.000000 0.565425 0.565872 0.133888 0.448713
0.000000 0.325308 0.482318 0.059836 0.198457
0.000000 0.139742 0.557720 0.078342 0.367293
0.000000 0.394027 0.471824 0.041035 0.199792
0.000000 0.755130 0.430587 0.043732 0.113109
0.000000 0.456112 0.587717 0.085176 0.425451
0.000000 0.080440 0.553991 0.072462 0.354800
0.000000 0.865693 0.483506 0.070165 0.251886
0.000000 0.819940 0.446288 0.057937 0.201443
0.000000 0.222273 0.492108 0.070877 0.237364
0.000000 0.717171 0.427428 0.040132 0.108164
0.000000 0.948123 0.444439 0.091873 0.163047
0.000000 0.240275 0.481162 0.055044 0.234225
